0,34,35,11,1
1,34,35,11,1
2,34,35,11,1
3,34,35,11,1
4,34,35,11,1
5,34,35,11,1
6,34,35,11,1
7,34,35,11,1
8,34,35,11,1
9,34,35,11,1
10,34,35,11,1
11,34,35,11,1
12,34,35,11,1
13,34,35,11,1
14,34,35,11,1
15,34,35,11,1
16,34,35,11,1
17,34,35,11,1
18,34,35,11,1
19,34,35,11,1
20,34,35,11,1
21,34,35,11,1
22,34,35,11,1
23,34,35,11,1
24,34,35,11,1
25,34,35,11,1
26,34,35,11,1
27,34,35,11,1
28,34,35,11,1
29,34,35,11,1
30,34,35,11,1
31,34,35,11,1
32,34,35,11,1
33,34,35,11,1
34,34,35,11,1
35,34,35,11,1
36,34,35,11,1
37,34,35,11,1
38,34,35,11,1
39,34,35,11,1
40,34,35,11,1
41,34,35,11,1
42,34,35,11,1
43,34,35,11,1
44,34,35,11,1
45,34,35,11,1
46,34,35,11,1
47,34,35,11,1
48,34,35,11,1
49,34,35,11,1
50,34,35,11,1
51,34,35,11,1
52,34,35,11,1
53,34,35,11,1
54,34,35,11,1
55,34,35,11,1
56,34,35,11,1
57,34,35,11,1
58,34,35,11,1
59,34,35,11,1
60,34,35,11,1
61,34,35,11,1
62,34,35,11,1
63,34,35,11,1
64,34,35,11,1
65,34,35,11,1
66,34,35,11,1
67,34,35,11,1
68,34,35,11,1
69,34,35,11,1
70,34,35,11,1
71,34,35,11,1
72,34,35,11,1
73,34,35,11,1
74,34,35,11,1
75,34,35,11,1
76,34,35,11,1
77,34,35,11,1
78,34,35,11,1
79,34,35,11,1
80,34,35,11,1
81,34,35,11,1
82,34,35,11,1
83,34,35,11,1
84,34,35,11,1
85,34,35,11,1
86,34,35,11,1
87,34,35,11,1
88,34,35,11,1
89,34,35,11,1
90,34,35,11,1
91,34,35,11,1
92,34,35,11,1
93,34,35,11,1
94,34,35,11,1
95,34,35,11,1
96,34,35,11,1
97,34,35,11,1
98,34,35,11,1
99,34,35,11,1
100,34,35,11,1
101,34,35,11,1
102,34,35,11,1
103,34,35,11,1
104,34,35,11,1
105,34,35,11,1
106,34,35,11,1
107,34,35,11,1
108,34,35,11,1
109,34,35,11,1
110,34,35,11,1
111,34,35,11,1
112,34,35,11,1
113,34,35,11,1
114,34,35,11,1
115,34,35,11,1
116,34,35,11,1
117,34,35,11,1
118,34,35,11,1
119,34,35,11,1
120,34,35,11,1
121,34,35,11,1
122,34,35,11,1
123,34,35,11,1
124,34,35,11,1
125,34,35,11,1
126,34,35,11,1
127,34,35,11,1
128,34,35,11,1
129,34,35,11,1
130,34,35,11,1
131,34,35,11,1
132,34,35,11,1
133,34,35,11,1
134,34,35,11,1
135,34,35,11,1
136,34,35,11,1
137,34,35,11,1
138,34,35,11,1
139,34,35,11,1
140,34,35,11,1
141,34,35,11,1
142,34,35,11,1
143,34,35,11,1
144,34,35,11,1
145,34,35,11,1
146,34,35,11,1
147,34,35,11,1
148,34,35,11,1
149,34,35,11,1
150,34,35,11,1
151,34,35,11,1
152,34,35,11,1
153,34,35,11,1
154,34,35,11,1
155,34,35,11,1
156,34,35,11,1
157,34,35,11,1
158,34,35,11,1
159,34,35,11,1
160,34,35,11,1
161,34,35,11,1
162,34,35,11,1
163,34,35,11,1
164,34,35,11,1
165,34,35,11,1
166,34,35,11,1
167,34,35,11,1
168,34,35,11,1
169,34,35,11,1
170,34,35,11,1
171,34,35,11,1
172,34,35,11,1
173,34,35,11,1
174,34,35,11,1
175,34,35,11,1
176,34,35,11,1
177,34,35,11,1
178,34,35,11,1
179,34,35,11,1
180,34,35,11,1
181,34,35,11,1
182,34,35,11,1
183,34,35,11,1
184,34,35,11,1
185,34,35,11,1
186,34,35,11,1
187,34,35,11,1
188,34,35,11,1
189,34,35,11,1
190,34,35,11,1
191,34,35,11,1
192,34,35,11,1
193,34,35,11,1
194,34,35,11,1
195,34,35,11,1
196,34,35,11,1
197,34,35,11,1
198,34,35,11,1
199,34,35,11,1
200,34,35,11,1
201,34,35,11,1
202,34,35,11,1
203,34,35,11,1
204,34,35,11,1
205,34,35,11,1
206,34,35,11,1
207,34,35,11,1
208,34,35,11,1
209,34,35,11,1
210,34,35,11,1
211,34,35,11,1
212,34,35,11,1
213,34,35,11,1
214,34,35,11,1
215,34,35,11,1
216,34,35,11,1
217,34,35,11,1
218,34,35,11,1
219,34,35,11,1
220,34,35,11,1
221,34,35,11,1
222,34,35,11,1
223,34,35,11,1
224,34,35,11,1
225,34,35,11,1
226,34,35,11,1
227,34,35,11,1
228,34,35,11,1
229,34,35,11,1
230,34,35,11,1
231,34,35,11,1
232,34,35,11,1
233,34,35,11,1
234,34,35,11,1
235,34,35,11,1
236,34,35,11,1
237,34,35,11,1
238,34,35,11,1
239,34,35,11,1
240,34,35,11,1
241,34,35,11,1
242,34,35,11,1
243,34,35,11,1
244,34,35,11,1
245,34,35,11,1
246,34,35,11,1
247,34,35,11,1
248,34,35,11,1
249,34,35,11,1
250,34,35,11,1
251,34,35,11,1
252,34,35,11,1
253,34,35,11,1
254,34,35,11,1
255,34,35,11,1
256,34,35,11,1
257,34,35,11,1
258,34,35,11,1
259,34,35,11,1
260,34,35,11,1
261,34,35,11,1
262,34,35,11,1
263,34,35,11,1
264,34,35,11,1
265,34,35,11,1
266,34,35,11,1
267,34,35,11,1
268,34,35,11,1
269,34,35,11,1
270,34,35,11,1
271,34,35,11,1
272,34,35,11,1
273,34,35,11,1
274,34,35,11,1
275,34,35,11,1
276,34,35,11,1
277,34,35,11,1
278,34,35,11,1
279,34,35,11,1
280,34,35,11,1
281,34,35,11,1
282,34,35,11,1
283,34,35,11,1
284,34,35,11,1
285,34,35,11,1
286,34,35,11,1
287,34,35,11,1
288,34,35,11,1
289,34,35,11,1
290,34,35,11,1
291,34,35,11,1
292,34,35,11,1
293,34,35,11,1
294,34,35,11,1
295,34,35,11,1
296,34,35,11,1
297,34,35,11,1
298,34,35,11,1
299,34,35,11,1
300,34,35,11,1
301,34,35,11,1
302,34,35,11,1
303,34,35,11,1
304,34,35,11,1
305,34,35,11,1
306,34,35,11,1
307,34,35,11,1
308,34,35,11,1
309,34,35,11,1
310,34,35,11,1
311,34,35,11,1
312,34,35,11,1
313,34,35,11,1
314,34,35,11,1
315,34,35,11,1
316,34,35,11,1
317,34,35,11,1
318,34,35,11,1
319,34,35,11,1
320,34,35,11,1
321,34,35,11,1
322,34,35,11,1
323,34,35,11,1
324,34,35,11,1
325,34,35,11,1
326,34,35,11,1
327,34,35,11,1
328,34,35,11,1
329,34,35,11,1
330,34,35,11,1
331,34,35,11,1
332,34,35,11,1
333,34,35,11,1
334,34,35,11,1
335,34,35,11,1
336,34,35,11,1
337,34,35,11,1
338,34,35,11,1
339,34,35,11,1
340,34,35,11,1
341,34,35,11,1
342,34,35,11,1
343,34,35,11,1
344,34,35,11,1
345,34,35,11,1
346,34,35,11,1
347,34,35,11,1
348,34,35,11,1
349,34,35,11,1
350,34,35,11,1
351,34,35,11,1
352,34,35,11,1
353,34,35,11,1
354,34,35,11,1
355,34,35,11,1
356,34,35,11,1
357,34,35,11,1
358,34,35,11,1
359,34,35,11,1
360,34,35,11,1
361,34,35,11,1
362,34,35,11,1
363,34,35,11,1
364,34,35,11,1
365,34,35,11,1
366,34,35,11,1
367,34,35,11,1
368,34,35,11,1
369,34,35,11,1
370,34,35,11,1
371,34,35,11,1
372,34,35,11,1
373,34,35,11,1
374,34,35,11,1
375,34,35,11,1
376,34,35,11,1
377,34,35,11,1
378,34,35,11,1
379,34,35,11,1
380,34,35,11,1
381,34,35,11,1
382,34,35,11,1
383,34,35,11,1
384,34,35,11,1
385,34,35,11,1
386,34,35,11,1
387,34,35,11,1
388,34,35,11,1
389,34,35,11,1
390,34,35,11,1
391,34,35,11,1
392,34,35,11,1
393,34,35,11,1
394,34,35,11,1
395,34,35,11,1
396,34,35,11,1
397,34,35,11,1
398,34,35,11,1
399,34,35,11,1
400,34,35,11,1
401,34,35,11,1
402,34,35,11,1
403,34,35,11,1
404,34,35,11,1
405,34,35,11,1
406,34,35,11,1
407,34,35,11,1
408,34,35,11,1
409,34,35,11,1
410,34,35,11,1
411,34,35,11,1
412,34,35,11,1
413,34,35,11,1
414,34,35,11,1
415,34,35,11,1
416,34,35,11,1
417,34,35,11,1
418,34,35,11,1
419,34,35,11,1
420,34,35,11,1
421,34,35,11,1
422,34,35,11,1
423,34,35,11,1
424,34,35,11,1
425,34,35,11,1
426,34,35,11,1
427,34,35,11,1
428,34,35,11,1
429,34,35,11,1
430,34,35,11,1
431,34,35,11,1
432,34,35,11,1
433,34,35,11,1
434,34,35,11,1
435,34,35,11,1
436,34,35,11,1
437,34,35,11,1
438,34,35,11,1
439,34,35,11,1
440,34,35,11,1
441,34,35,11,1
442,34,35,11,1
443,34,35,11,1
444,34,35,11,1
445,34,35,11,1
446,34,35,11,1
447,34,35,11,1
448,34,35,11,1
449,34,35,11,1
450,34,35,11,1
451,34,35,11,1
452,34,35,11,1
453,34,35,11,1
454,34,35,11,1
455,34,35,11,1
456,34,35,11,1
457,34,35,11,1
458,34,35,11,1
459,34,35,11,1
460,34,35,11,1
461,34,35,11,1
462,34,35,11,1
463,34,35,11,1
464,34,35,11,1
465,34,35,11,1
466,34,35,11,1
467,34,35,11,1
468,34,35,11,1
469,34,35,11,1
470,34,35,11,1
471,34,35,11,1
472,34,35,11,1
473,34,35,11,1
474,34,35,11,1
475,34,35,11,1
476,34,35,11,1
477,34,35,11,1
478,34,35,11,1
479,34,35,11,1
480,34,35,11,1
481,34,35,11,1
482,34,35,11,1
483,34,35,11,1
484,34,35,11,1
485,34,35,11,1
486,34,35,11,1
487,34,35,11,1
488,34,35,11,1
489,34,35,11,1
490,34,35,11,1
491,34,35,11,1
492,34,35,11,1
493,34,35,11,1
494,34,35,11,1
495,34,35,11,1
496,34,35,11,1
497,34,35,11,1
498,34,35,11,1
499,34,35,11,1
500,34,35,11,1
501,34,35,11,1
502,34,35,11,1
503,34,35,11,1
504,34,35,11,1
505,34,35,11,1
506,34,35,11,1
507,34,35,11,1
508,34,35,11,1
509,34,35,11,1
510,34,35,11,1
511,34,35,11,1
512,34,35,11,1
513,34,35,11,1
514,34,35,11,1
515,34,35,11,1
516,34,35,11,1
517,34,35,11,1
518,34,35,11,1
519,34,35,11,1
520,34,35,11,1
521,34,35,11,1
522,34,35,11,1
523,34,35,11,1
524,34,35,11,1
525,34,35,11,1
526,34,35,11,1
527,34,35,11,1
528,34,35,11,1
529,34,35,11,1
530,34,35,11,1
531,34,35,11,1
532,34,35,11,1
533,34,35,11,1
534,34,35,11,1
535,34,35,11,1
536,34,35,11,1
537,34,35,11,1
538,34,35,11,1
539,34,35,11,1
540,34,35,11,1
541,34,35,11,1
542,34,35,11,1
543,34,35,11,1
544,34,35,11,1
545,34,35,11,1
546,34,35,11,1
547,34,35,11,1
548,34,35,11,1
549,34,35,11,1
550,34,35,11,1
551,34,35,11,1
552,34,35,11,1
553,34,35,11,1
554,34,35,11,1
555,34,35,11,1
556,34,35,11,1
557,34,35,11,1
558,34,35,11,1
559,34,35,11,1
560,34,35,11,1
561,34,35,11,1
562,34,35,11,1
563,34,35,11,1
564,34,35,11,1
565,34,35,11,1
566,34,35,11,1
567,34,35,11,1
568,34,35,11,1
569,34,35,11,1
570,34,35,11,1
571,34,35,11,1
572,34,35,11,1
573,34,35,11,1
574,34,35,11,1
575,34,35,11,1
576,34,35,11,1
577,34,35,11,1
578,34,35,11,1
579,34,35,11,1
580,34,35,11,1
581,34,35,11,1
582,34,35,11,1
583,34,35,11,1
584,34,35,11,1
585,34,35,11,1
586,34,35,11,1
587,34,35,11,1
588,34,35,11,1
589,34,35,11,1
590,34,35,11,1
591,34,35,11,1
592,34,35,11,1
593,34,35,11,1
594,34,35,11,1
595,34,35,11,1
596,34,35,11,1
597,34,35,11,1
598,34,35,11,1
599,34,35,11,1
600,34,35,11,1
601,34,35,11,1
602,34,35,11,1
603,34,35,11,1
604,34,35,11,1
605,34,35,11,1
606,34,35,11,1
607,34,35,11,1
608,34,35,11,1
609,34,35,11,1
610,34,35,11,1
611,34,35,11,1
612,34,35,11,1
613,34,35,11,1
614,34,35,11,1
615,34,35,11,1
616,34,35,11,1
617,34,35,11,1
618,34,35,11,1
619,34,35,11,1
620,34,35,11,1
621,34,35,11,1
622,34,35,11,1
623,34,35,11,1
624,34,35,11,1
625,34,35,11,1
626,34,35,11,1
627,34,35,11,1
628,34,35,11,1
629,34,35,11,1
630,34,35,11,1
631,34,35,11,1
632,34,35,11,1
633,34,35,11,1
634,34,35,11,1
635,34,35,11,1
636,34,35,11,1
637,34,35,11,1
638,34,35,11,1
639,34,35,11,1
640,34,35,11,1
641,34,35,11,1
642,34,35,11,1
643,34,35,11,1
644,34,35,11,1
645,34,35,11,1
646,34,35,11,1
647,34,35,11,1
648,34,35,11,1
649,34,35,11,1
650,34,35,11,1
651,34,35,11,1
652,34,35,11,1
653,34,35,11,1
654,34,35,11,1
655,34,35,11,1
656,34,35,11,1
657,34,35,11,1
658,34,35,11,1
659,34,35,11,1
660,34,35,11,1
661,34,35,11,1
662,34,35,11,1
663,34,35,11,1
664,34,35,11,1
665,34,35,11,1
666,34,35,11,1
667,34,35,11,1
668,34,35,11,1
669,34,35,11,1
670,34,35,11,1
671,34,35,11,1
672,34,35,11,1
673,34,35,11,1
674,34,35,11,1
675,34,35,11,1
676,34,35,11,1
677,34,35,11,1
678,34,35,11,1
679,34,35,11,1
680,34,35,11,1
681,34,35,11,1
682,34,35,11,1
683,34,35,11,1
684,34,35,11,1
685,34,35,11,1
686,34,35,11,1
687,34,35,11,1
688,34,35,11,1
689,34,35,11,1
690,34,35,11,1
691,34,35,11,1
692,34,35,11,1
693,34,35,11,1
694,34,35,11,1
695,34,35,11,1
696,34,35,11,1
697,34,35,11,1
698,34,35,11,1
699,34,35,11,1
700,34,35,11,1
701,34,35,11,1
702,34,35,11,1
703,34,35,11,1
704,34,35,11,1
705,34,35,11,1
706,34,35,11,1
707,34,35,11,1
708,34,35,11,1
709,34,35,11,1
710,34,35,11,1
711,34,35,11,1
712,34,35,11,1
713,34,35,11,1
714,34,35,11,1
715,34,35,11,1
716,34,35,11,1
717,34,35,11,1
718,34,35,11,1
719,34,35,11,1
720,34,35,11,1
721,34,35,11,1
722,34,35,11,1
723,34,35,11,1
724,34,35,11,1
725,34,35,11,1
726,34,35,11,1
727,34,35,11,1
728,34,35,11,1
729,34,35,11,1
730,34,35,11,1
731,34,35,11,1
732,34,35,11,1
733,34,35,11,1
734,34,35,11,1
735,34,35,11,1
736,34,35,11,1
737,34,35,11,1
738,34,35,11,1
739,34,35,11,1
740,34,35,11,1
741,34,35,11,1
742,34,35,11,1
743,34,35,11,1
744,34,35,11,1
745,34,35,11,1
746,34,35,11,1
747,34,35,11,1
748,34,35,11,1
749,34,35,11,1
750,34,35,11,1
751,34,35,11,1
752,34,35,11,1
753,34,35,11,1
754,34,35,11,1
755,34,35,11,1
756,34,35,11,1
757,34,35,11,1
758,34,35,11,1
759,34,35,11,1
760,34,35,11,1
761,34,35,11,1
762,34,35,11,1
763,34,35,11,1
764,34,35,11,1
765,34,35,11,1
766,34,35,11,1
767,34,35,11,1
768,34,35,11,1
769,34,35,11,1
770,34,35,11,1
771,34,35,11,1
772,34,35,11,1
773,34,35,11,1
774,34,35,11,1
775,34,35,11,1
776,34,35,11,1
777,34,35,11,1
778,34,35,11,1
779,34,35,11,1
780,34,35,11,1
781,34,35,11,1
782,34,35,11,1
783,34,35,11,1
784,34,35,11,1
785,34,35,11,1
786,34,35,11,1
787,34,35,11,1
788,34,35,11,1
789,34,35,11,1
790,34,35,11,1
791,34,35,11,1
792,34,35,11,1
793,34,35,11,1
794,34,35,11,1
795,34,35,11,1
796,34,35,11,1
797,34,35,11,1
798,34,35,11,1
799,34,35,11,1
800,34,35,11,1
801,34,35,11,1
802,34,35,11,1
803,34,35,11,1
804,34,35,11,1
805,34,35,11,1
806,34,35,11,1
807,34,35,11,1
808,34,35,11,1
809,34,35,11,1
810,34,35,11,1
811,34,35,11,1
812,34,35,11,1
813,34,35,11,1
814,34,35,11,1
815,34,35,11,1
816,34,35,11,1
817,34,35,11,1
818,34,35,11,1
819,34,35,11,1
820,34,35,11,1
821,34,35,11,1
822,34,35,11,1
823,34,35,11,1
824,34,35,11,1
825,34,35,11,1
826,34,35,11,1
827,34,35,11,1
828,34,35,11,1
829,34,35,11,1
830,34,35,11,1
831,34,35,11,1
832,34,35,11,1
833,34,35,11,1
834,34,35,11,1
835,34,35,11,1
836,34,35,11,1
837,34,35,11,1
838,34,35,11,1
839,34,35,11,1
840,34,35,11,1
841,34,35,11,1
842,34,35,11,1
843,34,35,11,1
844,34,35,11,1
845,34,35,11,1
846,34,35,11,1
847,34,35,11,1
848,34,35,11,1
849,34,35,11,1
850,34,35,11,1
851,34,35,11,1
852,34,35,11,1
853,34,35,11,1
854,34,35,11,1
855,34,35,11,1
856,34,35,11,1
857,34,35,11,1
858,34,35,11,1
859,34,35,11,1
860,34,35,11,1
861,34,35,11,1
862,34,35,11,1
863,34,35,11,1
864,34,35,11,1
865,34,35,11,1
866,34,35,11,1
867,34,35,11,1
868,34,35,11,1
869,34,35,11,1
870,34,35,11,1
871,34,35,11,1
872,34,35,11,1
873,34,35,11,1
874,34,35,11,1
875,34,35,11,1
876,34,35,11,1
877,34,35,11,1
878,34,35,11,1
879,34,35,11,1
880,34,35,11,1
881,34,35,11,1
882,34,35,11,1
883,34,35,11,1
884,34,35,11,1
885,34,35,11,1
886,34,35,11,1
887,34,35,11,1
888,34,35,11,1
889,34,35,11,1
890,34,35,11,1
891,34,35,11,1
892,34,35,11,1
893,34,35,11,1
894,34,35,11,1
895,34,35,11,1
896,34,35,11,1
897,34,35,11,1
898,34,35,11,1
899,34,35,11,1
900,34,35,11,1
901,34,35,11,1
902,34,35,11,1
903,34,35,11,1
904,34,35,11,1
905,34,35,11,1
906,34,35,11,1
907,34,35,11,1
908,34,35,11,1
909,34,35,11,1
910,34,35,11,1
911,34,35,11,1
912,34,35,11,1
913,34,35,11,1
914,34,35,11,1
915,34,35,11,1
916,34,35,11,1
917,34,35,11,1
918,34,35,11,1
919,34,35,11,1
920,34,35,11,1
921,34,35,11,1
922,34,35,11,1
923,34,35,11,1
924,34,35,11,1
925,34,35,11,1
926,34,35,11,1
927,34,35,11,1
928,34,35,11,1
929,34,35,11,1
930,34,35,11,1
931,34,35,11,1
932,34,35,11,1
933,34,35,11,1
934,34,35,11,1
935,34,35,11,1
936,34,35,11,1
937,34,35,11,1
938,34,35,11,1
939,34,35,11,1
940,34,35,11,1
941,34,35,11,1
942,34,35,11,1
943,34,35,11,1
944,34,35,11,1
945,34,35,11,1
946,34,35,11,1
947,34,35,11,1
948,34,35,11,1
949,34,35,11,1
950,34,35,11,1
951,34,35,11,1
952,34,35,11,1
953,34,35,11,1
954,34,35,11,1
955,34,35,11,1
956,34,35,11,1
957,34,35,11,1
958,34,35,11,1
959,34,35,11,1
960,34,35,11,1
961,34,35,11,1
962,34,35,11,1
963,34,35,11,1
964,34,35,11,1
965,34,35,11,1
966,34,35,11,1
967,34,35,11,1
968,34,35,11,1
969,34,35,11,1
970,34,35,11,1
971,34,35,11,1
972,34,35,11,1
973,34,35,11,1
974,34,35,11,1
975,34,35,11,1
976,34,35,11,1
977,34,35,11,1
978,34,35,11,1
979,34,35,11,1
980,34,35,11,1
981,34,35,11,1
982,34,35,11,1
983,34,35,11,1
984,34,35,11,1
985,34,35,11,1
986,34,35,11,1
987,34,35,11,1
988,34,35,11,1
989,34,35,11,1
990,34,35,11,1
991,34,35,11,1
992,34,35,11,1
993,34,35,11,1
994,34,35,11,1
995,34,35,11,1
996,34,35,11,1
997,34,35,11,1
998,34,35,11,1
999,34,35,11,1
1000,34,35,11,1
1001,34,35,11,1
1002,34,35,11,1
1003,34,35,11,1
1004,34,35,11,1
1005,34,35,11,1
1006,34,35,11,1
1007,34,35,11,1
1008,34,35,11,1
1009,34,35,11,1
1010,34,35,11,1
1011,34,35,11,1
1012,34,35,11,1
1013,34,35,11,1
1014,34,35,11,1
1015,34,35,11,1
1016,34,35,11,1
1017,34,35,11,1
1018,34,35,11,1
1019,34,35,11,1
1020,34,35,11,1
1021,34,35,11,1
1022,34,35,11,1
1023,34,35,11,1
1024,34,35,11,1
1025,34,35,11,1
1026,34,35,11,1
1027,34,35,11,1
1028,34,35,11,1
1029,34,35,11,1
1030,34,35,11,1
1031,34,35,11,1
1032,34,35,11,1
1033,34,35,11,1
1034,34,35,11,1
1035,34,35,11,1
1036,34,35,11,1
1037,34,35,11,1
1038,34,35,11,1
1039,34,35,11,1
1040,34,35,11,1
1041,34,35,11,1
1042,34,35,11,1
1043,34,35,11,1
1044,34,35,11,1
1045,34,35,11,1
1046,34,35,11,1
1047,34,35,11,1
1048,34,35,11,1
1049,34,35,11,1
1050,34,35,11,1
1051,34,35,11,1
1052,34,35,11,1
1053,34,35,11,1
1054,34,35,11,1
1055,34,35,11,1
1056,34,35,11,1
1057,34,35,11,1
1058,34,35,11,1
1059,34,35,11,1
1060,34,35,11,1
1061,34,35,11,1
1062,34,35,11,1
1063,34,35,11,1
1064,34,35,11,1
1065,34,35,11,1
1066,34,35,11,1
1067,34,35,11,1
1068,34,35,11,1
1069,34,35,11,1
1070,34,35,11,1
1071,34,35,11,1
1072,34,35,11,1
1073,34,35,11,1
1074,34,35,11,1
1075,34,35,11,1
1076,34,35,11,1
1077,34,35,11,1
1078,34,35,11,1
1079,34,35,11,1
1080,34,35,11,1
1081,34,35,11,1
1082,34,35,11,1
1083,34,35,11,1
1084,34,35,11,1
1085,34,35,11,1
1086,34,35,11,1
1087,34,35,11,1
1088,34,35,11,1
1089,34,35,11,1
1090,34,35,11,1
1091,34,35,11,1
1092,34,35,11,1
1093,34,35,11,1
1094,34,35,11,1
1095,34,35,11,1
1096,34,35,11,1
1097,34,35,11,1
1098,34,35,11,1
1099,34,35,11,1
1100,34,35,11,1
1101,34,35,11,1
1102,34,35,11,1
1103,34,35,11,1
1104,34,35,11,1
1105,34,35,11,1
1106,34,35,11,1
1107,34,35,11,1
1108,34,35,11,1
1109,34,35,11,1
1110,34,35,11,1
1111,34,35,11,1
1112,34,35,11,1
1113,34,35,11,1
1114,34,35,11,1
1115,34,35,11,1
1116,34,35,11,1
1117,34,35,11,1
1118,34,35,11,1
1119,34,35,11,1
1120,34,35,11,1
1121,34,35,11,1
1122,34,35,11,1
1123,34,35,11,1
1124,34,35,11,1
1125,34,35,11,1
1126,34,35,11,1
1127,34,35,11,1
1128,34,35,11,1
1129,34,35,11,1
1130,34,35,11,1
1131,34,35,11,1
1132,34,35,11,1
1133,34,35,11,1
1134,34,35,11,1
1135,34,35,11,1
1136,34,35,11,1
1137,34,35,11,1
1138,34,35,11,1
1139,34,35,11,1
1140,34,35,11,1
1141,34,35,11,1
1142,34,35,11,1
1143,34,35,11,1
1144,34,35,11,1
1145,34,35,11,1
1146,34,35,11,1
1147,34,35,11,1
1148,34,35,11,1
1149,34,35,11,1
1150,34,35,11,1
1151,34,35,11,1
1152,34,35,11,1
1153,34,35,11,1
1154,34,35,11,1
1155,34,35,11,1
1156,34,35,11,1
1157,34,35,11,1
1158,34,35,11,1
1159,34,35,11,1
1160,34,35,11,1
1161,34,35,11,1
1162,34,35,11,1
1163,34,35,11,1
1164,34,35,11,1
1165,34,35,11,1
1166,34,35,11,1
1167,34,35,11,1
1168,34,35,11,1
1169,34,35,11,1
1170,34,35,11,1
1171,34,35,11,1
1172,34,35,11,1
1173,34,35,11,1
1174,34,35,11,1
1175,34,35,11,1
1176,34,35,11,1
1177,34,35,11,1
1178,34,35,11,1
1179,34,35,11,1
1180,34,35,11,1
1181,34,35,11,1
1182,34,35,11,1
1183,34,35,11,1
1184,34,35,11,1
1185,34,35,11,1
1186,34,35,11,1
1187,34,35,11,1
1188,34,35,11,1
1189,34,35,11,1
1190,34,35,11,1
1191,34,35,11,1
1192,34,35,11,1
1193,34,35,11,1
1194,34,35,11,1
1195,34,35,11,1
1196,34,35,11,1
1197,34,35,11,1
1198,34,35,11,1
1199,34,35,11,1
1200,34,35,11,1
1201,34,35,11,1
1202,34,35,11,1
1203,34,35,11,1
1204,34,35,11,1
1205,34,35,11,1
1206,34,35,11,1
1207,34,35,11,1
1208,34,35,11,1
1209,34,35,11,1
1210,34,35,11,1
1211,34,35,11,1
1212,34,35,11,1
1213,34,35,11,1
1214,34,35,11,1
1215,34,35,11,1
1216,34,35,11,1
1217,34,35,11,1
1218,34,35,11,1
1219,34,35,11,1
1220,34,35,11,1
1221,34,35,11,1
1222,34,35,11,1
1223,34,35,11,1
1224,34,35,11,1
1225,34,35,11,1
1226,34,35,11,1
1227,34,35,11,1
1228,34,35,11,1
1229,34,35,11,1
1230,34,35,11,1
1231,34,35,11,1
1232,34,35,11,1
1233,34,35,11,1
1234,34,35,11,1
1235,34,35,11,1
1236,34,35,11,1
1237,34,35,11,1
1238,34,35,11,1
1239,34,35,11,1
1240,34,35,11,1
1241,34,35,11,1
1242,34,35,11,1
1243,34,35,11,1
1244,34,35,11,1
1245,34,35,11,1
1246,34,35,11,1
1247,34,35,11,1
1248,34,35,11,1
1249,34,35,11,1
1250,34,35,11,1
1251,34,35,11,1
1252,34,35,11,1
1253,34,35,11,1
1254,34,35,11,1
1255,34,35,11,1
1256,34,35,11,1
1257,34,35,11,1
1258,34,35,11,1
1259,34,35,11,1
1260,34,35,11,1
1261,34,35,11,1
1262,34,35,11,1
1263,34,35,11,1
1264,34,35,11,1
1265,34,35,11,1
1266,34,35,11,1
1267,34,35,11,1
1268,34,35,11,1
1269,34,35,11,1
1270,34,35,11,1
1271,34,35,11,1
1272,34,35,11,1
1273,34,35,11,1
1274,34,35,11,1
1275,34,35,11,1
1276,34,35,11,1
1277,34,35,11,1
1278,34,35,11,1
1279,34,35,11,1
1280,34,35,11,1
1281,34,35,11,1
1282,34,35,11,1
1283,34,35,11,1
1284,34,35,11,1
1285,34,35,11,1
1286,34,35,11,1
1287,34,35,11,1
1288,34,35,11,1
1289,34,35,11,1
1290,34,35,11,1
1291,34,35,11,1
1292,34,35,11,1
1293,34,35,11,1
1294,34,35,11,1
1295,34,35,11,1
1296,34,35,11,1
1297,34,35,11,1
1298,34,35,11,1
1299,34,35,11,1
1300,34,35,11,1
1301,34,35,11,1
1302,34,35,11,1
1303,34,35,11,1
1304,34,35,11,1
1305,34,35,11,1
1306,34,35,11,1
1307,34,35,11,1
1308,34,35,11,1
1309,34,35,11,1
1310,34,35,11,1
1311,34,35,11,1
1312,34,35,11,1
1313,34,35,11,1
1314,34,35,11,1
1315,34,35,11,1
1316,34,35,11,1
1317,34,35,11,1
1318,34,35,11,1
1319,34,35,11,1
1320,34,35,11,1
1321,34,35,11,1
1322,34,35,11,1
1323,34,35,11,1
1324,34,35,11,1
1325,34,35,11,1
1326,34,35,11,1
1327,34,35,11,1
1328,34,35,11,1
1329,34,35,11,1
1330,34,35,11,1
1331,34,35,11,1
1332,34,35,11,1
1333,34,35,11,1
1334,34,35,11,1
1335,34,35,11,1
1336,34,35,11,1
1337,34,35,11,1
1338,34,35,11,1
1339,34,35,11,1
1340,34,35,11,1
1341,34,35,11,1
1342,34,35,11,1
1343,34,35,11,1
1344,34,35,11,1
1345,34,35,11,1
1346,34,35,11,1
1347,34,35,11,1
1348,34,35,11,1
1349,34,35,11,1
1350,34,35,11,1
1351,34,35,11,1
1352,34,35,11,1
1353,34,35,11,1
1354,34,35,11,1
1355,34,35,11,1
1356,34,35,11,1
1357,34,35,11,1
1358,34,35,11,1
1359,34,35,11,1
1360,34,35,11,1
1361,34,35,11,1
1362,34,35,11,1
1363,34,35,11,1
1364,34,35,11,1
1365,34,35,11,1
1366,34,35,11,1
1367,34,35,11,1
1368,34,35,11,1
1369,34,35,11,1
1370,34,35,11,1
1371,34,35,11,1
1372,34,35,11,1
1373,34,35,11,1
1374,34,35,11,1
1375,34,35,11,1
1376,34,35,11,1
1377,34,35,11,1
1378,34,35,11,1
1379,34,35,11,1
1380,34,35,11,1
1381,34,35,11,1
1382,34,35,11,1
1383,34,35,11,1
1384,34,35,11,1
1385,34,35,11,1
1386,34,35,11,1
1387,34,35,11,1
1388,34,35,11,1
1389,34,35,11,1
1390,34,35,11,1
1391,34,35,11,1
1392,34,35,11,1
1393,34,35,11,1
1394,34,35,11,1
1395,34,35,11,1
1396,34,35,11,1
1397,34,35,11,1
1398,34,35,11,1
1399,34,35,11,1
1400,34,35,11,1
1401,34,35,11,1
1402,34,35,11,1
1403,34,35,11,1
1404,34,35,11,1
1405,34,35,11,1
1406,34,35,11,1
1407,34,35,11,1
1408,34,35,11,1
1409,34,35,11,1
1410,34,35,11,1
1411,34,35,11,1
1412,34,35,11,1
1413,34,35,11,1
1414,34,35,11,1
1415,34,35,11,1
1416,34,35,11,1
1417,34,35,11,1
1418,34,35,11,1
1419,34,35,11,1
1420,34,35,11,1
1421,34,35,11,1
1422,34,35,11,1
1423,34,35,11,1
1424,34,35,11,1
1425,34,35,11,1
1426,34,35,11,1
1427,34,35,11,1
1428,34,35,11,1
1429,34,35,11,1
1430,34,35,11,1
1431,34,35,11,1
1432,34,35,11,1
1433,34,35,11,1
1434,34,35,11,1
1435,34,35,11,1
1436,34,35,11,1
1437,34,35,11,1
1438,34,35,11,1
1439,34,35,11,1
1440,34,35,11,1
1441,34,35,11,1
1442,34,35,11,1
1443,34,35,11,1
1444,34,35,11,1
1445,34,35,11,1
1446,34,35,11,1
1447,34,35,11,1
1448,34,35,11,1
1449,34,35,11,1
1450,34,35,11,1
1451,34,35,11,1
1452,34,35,11,1
1453,34,35,11,1
1454,34,35,11,1
1455,34,35,11,1
1456,34,35,11,1
1457,34,35,11,1
1458,34,35,11,1
1459,34,35,11,1
1460,34,35,11,1
1461,34,35,11,1
1462,34,35,11,1
1463,34,35,11,1
1464,34,35,11,1
1465,34,35,11,1
1466,34,35,11,1
1467,34,35,11,1
1468,34,35,11,1
1469,34,35,11,1
1470,34,35,11,1
1471,34,35,11,1
1472,34,35,11,1
1473,34,35,11,1
1474,34,35,11,1
1475,34,35,11,1
1476,34,35,11,1
1477,34,35,11,1
1478,34,35,11,1
1479,34,35,11,1
1480,34,35,11,1
1481,34,35,11,1
1482,34,35,11,1
1483,34,35,11,1
1484,34,35,11,1
1485,34,35,11,1
1486,34,35,11,1
1487,34,35,11,1
1488,34,35,11,1
1489,34,35,11,1
1490,34,35,11,1
1491,34,35,11,1
1492,34,35,11,1
1493,34,35,11,1
1494,34,35,11,1
1495,34,35,11,1
1496,34,35,11,1
1497,34,35,11,1
1498,34,35,11,1
1499,34,35,11,1
1500,34,35,11,1
1501,34,35,11,1
1502,34,35,11,1
1503,34,35,11,1
1504,34,35,11,1
1505,34,35,11,1
1506,34,35,11,1
1507,34,35,11,1
1508,34,35,11,1
1509,34,35,11,1
1510,34,35,11,1
1511,34,35,11,1
1512,34,35,11,1
1513,34,35,11,1
1514,34,35,11,1
1515,34,35,11,1
1516,34,35,11,1
1517,34,35,11,1
1518,34,35,11,1
1519,34,35,11,1
1520,34,35,11,1
1521,34,35,11,1
1522,34,35,11,1
1523,34,35,11,1
1524,34,35,11,1
1525,34,35,11,1
1526,34,35,11,1
1527,34,35,11,1
1528,34,35,11,1
1529,34,35,11,1
1530,34,35,11,1
1531,34,35,11,1
1532,34,35,11,1
1533,34,35,11,1
1534,34,35,11,1
1535,34,35,11,1
1536,34,35,11,1
1537,34,35,11,1
1538,34,35,11,1
1539,34,35,11,1
1540,34,35,11,1
1541,34,35,11,1
1542,34,35,11,1
1543,34,35,11,1
1544,34,35,11,1
1545,34,35,11,1
1546,34,35,11,1
1547,34,35,11,1
1548,34,35,11,1
1549,34,35,11,1
1550,34,35,11,1
1551,34,35,11,1
1552,34,35,11,1
1553,34,35,11,1
1554,34,35,11,1
1555,34,35,11,1
1556,34,35,11,1
1557,34,35,11,1
1558,34,35,11,1
1559,34,35,11,1
1560,34,35,11,1
1561,34,35,11,1
1562,34,35,11,1
1563,34,35,11,1
1564,34,35,11,1
1565,34,35,11,1
1566,34,35,11,1
1567,34,35,11,1
1568,34,35,11,1
1569,34,35,11,1
1570,34,35,11,1
1571,34,35,11,1
1572,34,35,11,1
1573,34,35,11,1
1574,34,35,11,1
1575,34,35,11,1
1576,34,35,11,1
1577,34,35,11,1
1578,34,35,11,1
1579,34,35,11,1
1580,34,35,11,1
1581,34,35,11,1
1582,34,35,11,1
1583,34,35,11,1
1584,34,35,11,1
1585,34,35,11,1
1586,34,35,11,1
1587,34,35,11,1
1588,34,35,11,1
1589,34,35,11,1
1590,34,35,11,1
1591,34,35,11,1
1592,34,35,11,1
1593,34,35,11,1
1594,34,35,11,1
1595,34,35,11,1
1596,34,35,11,1
1597,34,35,11,1
1598,34,35,11,1
1599,34,35,11,1
1600,34,35,11,1
1601,34,35,11,1
1602,34,35,11,1
1603,34,35,11,1
1604,34,35,11,1
1605,34,35,11,1
1606,34,35,11,1
1607,34,35,11,1
1608,34,35,11,1
1609,34,35,11,1
1610,34,35,11,1
1611,34,35,11,1
1612,34,35,11,1
1613,34,35,11,1
1614,34,35,11,1
1615,34,35,11,1
1616,34,35,11,1
1617,34,35,11,1
1618,34,35,11,1
1619,34,35,11,1
1620,34,35,11,1
1621,34,35,11,1
1622,34,35,11,1
1623,34,35,11,1
1624,34,35,11,1
1625,34,35,11,1
1626,34,35,11,1
1627,34,35,11,1
1628,34,35,11,1
1629,34,35,11,1
1630,34,35,11,1
1631,34,35,11,1
1632,34,35,11,1
1633,34,35,11,1
1634,34,35,11,1
1635,34,35,11,1
1636,34,35,11,1
1637,34,35,11,1
1638,34,35,11,1
1639,34,35,11,1
1640,34,35,11,1
1641,34,35,11,1
1642,34,35,11,1
1643,34,35,11,1
1644,34,35,11,1
1645,34,35,11,1
1646,34,35,11,1
1647,34,35,11,1
1648,34,35,11,1
1649,34,35,11,1
1650,34,35,11,1
1651,34,35,11,1
1652,34,35,11,1
1653,34,35,11,1
1654,34,35,11,1
1655,34,35,11,1
1656,34,35,11,1
1657,34,35,11,1
1658,34,35,11,1
1659,34,35,11,1
1660,34,35,11,1
1661,34,35,11,1
1662,34,35,11,1
1663,34,35,11,1
1664,34,35,11,1
1665,34,35,11,1
1666,34,35,11,1
1667,34,35,11,1
1668,34,35,11,1
1669,34,35,11,1
1670,34,35,11,1
1671,34,35,11,1
1672,34,35,11,1
1673,34,35,11,1
1674,34,35,11,1
1675,34,35,11,1
1676,34,35,11,1
1677,34,35,11,1
1678,34,35,11,1
1679,34,35,11,1
1680,34,35,11,1
1681,34,35,11,1
1682,34,35,11,1
1683,34,35,11,1
1684,34,35,11,1
1685,34,35,11,1
1686,34,35,11,1
1687,34,35,11,1
1688,34,35,11,1
1689,34,35,11,1
1690,34,35,11,1
1691,34,35,11,1
1692,34,35,11,1
1693,34,35,11,1
1694,34,35,11,1
1695,34,35,11,1
1696,34,35,11,1
1697,34,35,11,1
1698,34,35,11,1
1699,34,35,11,1
1700,34,35,11,1
1701,34,35,11,1
1702,34,35,11,1
1703,34,35,11,1
1704,34,35,11,1
1705,34,35,11,1
1706,34,35,11,1
1707,34,35,11,1
1708,34,35,11,1
1709,34,35,11,1
1710,34,35,11,1
1711,34,35,11,1
1712,34,35,11,1
1713,34,35,11,1
1714,34,35,11,1
1715,34,35,11,1
1716,34,35,11,1
1717,34,35,11,1
1718,34,35,11,1
1719,34,35,11,1
1720,34,35,11,1
1721,34,35,11,1
1722,34,35,11,1
1723,34,35,11,1
1724,34,35,11,1
1725,34,35,11,1
1726,34,35,11,1
1727,34,35,11,1
1728,34,35,11,1
1729,34,35,11,1
1730,34,35,11,1
1731,34,35,11,1
1732,34,35,11,1
1733,34,35,11,1
1734,34,35,11,1
1735,34,35,11,1
1736,34,35,11,1
1737,34,35,11,1
1738,34,35,11,1
1739,34,35,11,1
1740,34,35,11,1
1741,34,35,11,1
1742,34,35,11,1
1743,34,35,11,1
1744,34,35,11,1
1745,34,35,11,1
1746,34,35,11,1
1747,34,35,11,1
1748,34,35,11,1
1749,34,35,11,1
1750,34,35,11,1
1751,34,35,11,1
1752,34,35,11,1
1753,34,35,11,1
1754,34,35,11,1
1755,34,35,11,1
1756,34,35,11,1
1757,34,35,11,1
1758,34,35,11,1
1759,34,35,11,1
1760,34,35,11,1
1761,34,35,11,1
1762,34,35,11,1
1763,34,35,11,1
1764,34,35,11,1
1765,34,35,11,1
1766,34,35,11,1
1767,34,35,11,1
1768,34,35,11,1
1769,34,35,11,1
1770,34,35,11,1
1771,34,35,11,1
1772,34,35,11,1
1773,34,35,11,1
1774,34,35,11,1
1775,34,35,11,1
1776,34,35,11,1
1777,34,35,11,1
1778,34,35,11,1
1779,34,35,11,1
1780,34,35,11,1
1781,34,35,11,1
1782,34,35,11,1
1783,34,35,11,1
1784,34,35,11,1
1785,34,35,11,1
1786,34,35,11,1
1787,34,35,11,1
1788,34,35,11,1
1789,34,35,11,1
1790,34,35,11,1
1791,34,35,11,1
1792,34,35,11,1
1793,34,35,11,1
1794,34,35,11,1
1795,34,35,11,1
1796,34,35,11,1
1797,34,35,11,1
1798,34,35,11,1
1799,34,35,11,1
1800,34,35,11,1
1801,34,35,11,1
1802,34,35,11,1
1803,34,35,11,1
1804,34,35,11,1
1805,34,35,11,1
1806,34,35,11,1
1807,34,35,11,1
1808,34,35,11,1
1809,34,35,11,1
1810,34,35,11,1
1811,34,35,11,1
1812,34,35,11,1
1813,34,35,11,1
1814,34,35,11,1
1815,34,35,11,1
1816,34,35,11,1
1817,34,35,11,1
1818,34,35,11,1
1819,34,35,11,1
1820,34,35,11,1
1821,34,35,11,1
1822,34,35,11,1
1823,34,35,11,1
1824,34,35,11,1
1825,34,35,11,1
1826,34,35,11,1
1827,34,35,11,1
1828,34,35,11,1
1829,34,35,11,1
1830,34,35,11,1
1831,34,35,11,1
1832,34,35,11,1
1833,34,35,11,1
1834,34,35,11,1
1835,34,35,11,1
1836,34,35,11,1
1837,34,35,11,1
1838,34,35,11,1
1839,34,35,11,1
1840,34,35,11,1
1841,34,35,11,1
1842,34,35,11,1
1843,34,35,11,1
1844,34,35,11,1
1845,34,35,11,1
1846,34,35,11,1
1847,34,35,11,1
1848,34,35,11,1
1849,34,35,11,1
1850,34,35,11,1
1851,34,35,11,1
1852,34,35,11,1
1853,34,35,11,1
1854,34,35,11,1
1855,34,35,11,1
1856,34,35,11,1
1857,34,35,11,1
1858,34,35,11,1
1859,34,35,11,1
1860,34,35,11,1
1861,34,35,11,1
1862,34,35,11,1
1863,34,35,11,1
1864,34,35,11,1
1865,34,35,11,1
1866,34,35,11,1
1867,34,35,11,1
1868,34,35,11,1
1869,34,35,11,1
1870,34,35,11,1
1871,34,35,11,1
1872,34,35,11,1
1873,34,35,11,1
1874,34,35,11,1
1875,34,35,11,1
1876,34,35,11,1
1877,34,35,11,1
1878,34,35,11,1
1879,34,35,11,1
1880,34,35,11,1
1881,34,35,11,1
1882,34,35,11,1
1883,34,35,11,1
1884,34,35,11,1
1885,34,35,11,1
1886,34,35,11,1
1887,34,35,11,1
1888,34,35,11,1
1889,34,35,11,1
1890,34,35,11,1
1891,34,35,11,1
1892,34,35,11,1
1893,34,35,11,1
1894,34,35,11,1
1895,34,35,11,1
1896,34,35,11,1
1897,34,35,11,1
1898,34,35,11,1
1899,34,35,11,1
1900,34,35,11,1
1901,34,35,11,1
1902,34,35,11,1
1903,34,35,11,1
1904,34,35,11,1
1905,34,35,11,1
1906,34,35,11,1
1907,34,35,11,1
1908,34,35,11,1
1909,34,35,11,1
1910,34,35,11,1
1911,34,35,11,1
1912,34,35,11,1
1913,34,35,11,1
1914,34,35,11,1
1915,34,35,11,1
1916,34,35,11,1
1917,34,35,11,1
1918,34,35,11,1
1919,34,35,11,1
1920,34,35,11,1
1921,34,35,11,1
1922,34,35,11,1
1923,34,35,11,1
1924,34,35,11,1
1925,34,35,11,1
1926,34,35,11,1
1927,34,35,11,1
1928,34,35,11,1
1929,34,35,11,1
1930,34,35,11,1
1931,34,35,11,1
1932,34,35,11,1
1933,34,35,11,1
1934,34,35,11,1
1935,34,35,11,1
1936,34,35,11,1
1937,34,35,11,1
1938,34,35,11,1
1939,34,35,11,1
1940,34,35,11,1
1941,34,35,11,1
1942,34,35,11,1
1943,34,35,11,1
1944,34,35,11,1
1945,34,35,11,1
1946,34,35,11,1
1947,34,35,11,1
1948,34,35,11,1
1949,34,35,11,1
1950,34,35,11,1
1951,34,35,11,1
1952,34,35,11,1
1953,34,35,11,1
1954,34,35,11,1
1955,34,35,11,1
1956,34,35,11,1
1957,34,35,11,1
1958,34,35,11,1
1959,34,35,11,1
1960,34,35,11,1
1961,34,35,11,1
1962,34,35,11,1
1963,34,35,11,1
1964,34,35,11,1
1965,34,35,11,1
1966,34,35,11,1
1967,34,35,11,1
1968,34,35,11,1
1969,34,35,11,1
1970,34,35,11,1
1971,34,35,11,1
1972,34,35,11,1
1973,34,35,11,1
1974,34,35,11,1
1975,34,35,11,1
1976,34,35,11,1
1977,34,35,11,1
1978,34,35,11,1
1979,34,35,11,1
1980,34,35,11,1
1981,34,35,11,1
1982,34,35,11,1
1983,34,35,11,1
1984,34,35,11,1
1985,34,35,11,1
1986,34,35,11,1
1987,34,35,11,1
1988,34,35,11,1
1989,34,35,11,1
1990,34,35,11,1
1991,34,35,11,1
1992,34,35,11,1
1993,34,35,11,1
1994,34,35,11,1
1995,34,35,11,1
1996,34,35,11,1
1997,34,35,11,1
1998,34,35,11,1
1999,34,35,11,1
2000,34,35,11,1
2001,34,35,11,1
2002,34,35,11,1
2003,34,35,11,1
2004,34,35,11,1
2005,34,35,11,1
2006,34,35,11,1
2007,34,35,11,1
2008,34,35,11,1
2009,34,35,11,1
2010,34,35,11,1
2011,34,35,11,1
2012,34,35,11,1
2013,34,35,11,1
2014,34,35,11,1
2015,34,35,11,1
2016,34,35,11,1
2017,34,35,11,1
2018,34,35,11,1
2019,34,35,11,1
2020,34,35,11,1
2021,34,35,11,1
2022,34,35,11,1
2023,34,35,11,1
2024,34,35,11,1
2025,34,35,11,1
2026,34,35,11,1
2027,34,35,11,1
2028,34,35,11,1
2029,34,35,11,1
2030,34,35,11,1
2031,34,35,11,1
2032,34,35,11,1
2033,34,35,11,1
2034,34,35,11,1
2035,34,35,11,1
2036,34,35,11,1
2037,34,35,11,1
2038,34,35,11,1
2039,34,35,11,1
2040,34,35,11,1
2041,34,35,11,1
2042,34,35,11,1
2043,34,35,11,1
2044,34,35,11,1
2045,34,35,11,1
2046,34,35,11,1
2047,34,35,11,1
2048,34,35,11,1
2049,34,35,11,1
2050,34,35,11,1
2051,34,35,11,1
2052,34,35,11,1
2053,34,35,11,1
2054,34,35,11,1
2055,34,35,11,1
2056,34,35,11,1
2057,34,35,11,1
2058,34,35,11,1
2059,34,35,11,1
2060,34,35,11,1
2061,34,35,11,1
2062,34,35,11,1
2063,34,35,11,1
2064,34,35,11,1
2065,34,35,11,1
2066,34,35,11,1
2067,34,35,11,1
2068,34,35,11,1
2069,34,35,11,1
2070,34,35,11,1
2071,34,35,11,1
2072,34,35,11,1
2073,34,35,11,1
2074,34,35,11,1
2075,34,35,11,1
2076,34,35,11,1
2077,34,35,11,1
2078,34,35,11,1
2079,34,35,11,1
2080,34,35,11,1
2081,34,35,11,1
2082,34,35,11,1
2083,34,35,11,1
2084,34,35,11,1
2085,34,35,11,1
2086,34,35,11,1
2087,34,35,11,1
2088,34,35,11,1
2089,34,35,11,1
2090,34,35,11,1
2091,34,35,11,1
2092,34,35,11,1
2093,34,35,11,1
2094,34,35,11,1
2095,34,35,11,1
2096,34,35,11,1
2097,34,35,11,1
2098,34,35,11,1
2099,34,35,11,1
2100,34,35,11,1
2101,34,35,11,1
2102,34,35,11,1
2103,34,35,11,1
2104,34,35,11,1
2105,34,35,11,1
2106,34,35,11,1
2107,34,35,11,1
2108,34,35,11,1
2109,34,35,11,1
2110,34,35,11,1
2111,34,35,11,1
2112,34,35,11,1
2113,34,35,11,1
2114,34,35,11,1
2115,34,35,11,1
2116,34,35,11,1
2117,34,35,11,1
2118,34,35,11,1
2119,34,35,11,1
2120,34,35,11,1
2121,34,35,11,1
2122,34,35,11,1
2123,34,35,11,1
2124,34,35,11,1
2125,34,35,11,1
2126,34,35,11,1
2127,34,35,11,1
2128,34,35,11,1
2129,34,35,11,1
2130,34,35,11,1
2131,34,35,11,1
2132,34,35,11,1
2133,34,35,11,1
2134,34,35,11,1
2135,34,35,11,1
2136,34,35,11,1
2137,34,35,11,1
2138,34,35,11,1
2139,34,35,11,1
2140,34,35,11,1
2141,34,35,11,1
2142,34,35,11,1
2143,34,35,11,1
2144,34,35,11,1
2145,34,35,11,1
2146,34,35,11,1
2147,34,35,11,1
2148,34,35,11,1
2149,34,35,11,1
2150,34,35,11,1
2151,34,35,11,1
2152,34,35,11,1
2153,34,35,11,1
2154,34,35,11,1
2155,34,35,11,1
2156,34,35,11,1
2157,34,35,11,1
2158,34,35,11,1
2159,34,35,11,1
2160,34,35,11,1
2161,34,35,11,1
2162,34,35,11,1
2163,34,35,11,1
2164,34,35,11,1
2165,34,35,11,1
2166,34,35,11,1
2167,34,35,11,1
2168,34,35,11,1
2169,34,35,11,1
2170,34,35,11,1
2171,34,35,11,1
2172,34,35,11,1
2173,34,35,11,1
2174,34,35,11,1
2175,34,35,11,1
2176,34,35,11,1
2177,34,35,11,1
2178,34,35,11,1
2179,34,35,11,1
2180,34,35,11,1
2181,34,35,11,1
2182,34,35,11,1
2183,34,35,11,1
2184,34,35,11,1
2185,34,35,11,1
2186,34,35,11,1
2187,34,35,11,1
2188,34,35,11,1
2189,34,35,11,1
2190,34,35,11,1
2191,34,35,11,1
2192,34,35,11,1
2193,34,35,11,1
2194,34,35,11,1
2195,34,35,11,1
2196,34,35,11,1
2197,34,35,11,1
2198,34,35,11,1
2199,34,35,11,1
2200,34,35,11,1
2201,34,35,11,1
2202,34,35,11,1
2203,34,35,11,1
2204,34,35,11,1
2205,34,35,11,1
2206,34,35,11,1
2207,34,35,11,1
2208,34,35,11,1
2209,34,35,11,1
2210,34,35,11,1
2211,34,35,11,1
2212,34,35,11,1
2213,34,35,11,1
2214,34,35,11,1
2215,34,35,11,1
2216,34,35,11,1
2217,34,35,11,1
2218,34,35,11,1
2219,34,35,11,1
2220,34,35,11,1
2221,34,35,11,1
2222,34,35,11,1
2223,34,35,11,1
2224,34,35,11,1
2225,34,35,11,1
2226,34,35,11,1
2227,34,35,11,1
2228,34,35,11,1
2229,34,35,11,1
2230,34,35,11,1
2231,34,35,11,1
2232,34,35,11,1
2233,34,35,11,1
2234,34,35,11,1
2235,34,35,11,1
2236,34,35,11,1
2237,34,35,11,1
2238,34,35,11,1
2239,34,35,11,1
2240,34,35,11,1
2241,34,35,11,1
2242,34,35,11,1
2243,34,35,11,1
2244,34,35,11,1
2245,34,35,11,1
2246,34,35,11,1
2247,34,35,11,1
2248,34,35,11,1
2249,34,35,11,1
2250,34,35,11,1
2251,34,35,11,1
2252,34,35,11,1
2253,34,35,11,1
2254,34,35,11,1
2255,34,35,11,1
2256,34,35,11,1
2257,34,35,11,1
2258,34,35,11,1
2259,34,35,11,1
2260,34,35,11,1
2261,34,35,11,1
2262,34,35,11,1
2263,34,35,11,1
2264,34,35,11,1
2265,34,35,11,1
2266,34,35,11,1
2267,34,35,11,1
2268,34,35,11,1
2269,34,35,11,1
2270,34,35,11,1
2271,34,35,11,1
2272,34,35,11,1
2273,34,35,11,1
2274,34,35,11,1
2275,34,35,11,1
2276,34,35,11,1
2277,34,35,11,1
2278,34,35,11,1
2279,34,35,11,1
2280,34,35,11,1
2281,34,35,11,1
2282,34,35,11,1
2283,34,35,11,1
2284,34,35,11,1
2285,34,35,11,1
2286,34,35,11,1
2287,34,35,11,1
2288,34,35,11,1
2289,34,35,11,1
2290,34,35,11,1
2291,34,35,11,1
2292,34,35,11,1
2293,34,35,11,1
2294,34,35,11,1
2295,34,35,11,1
2296,34,35,11,1
2297,34,35,11,1
2298,34,35,11,1
2299,34,35,11,1
2300,34,35,11,1
2301,34,35,11,1
2302,34,35,11,1
2303,34,35,11,1
2304,34,35,11,1
2305,34,35,11,1
2306,34,35,11,1
2307,34,35,11,1
2308,34,35,11,1
2309,34,35,11,1
2310,34,35,11,1
2311,34,35,11,1
2312,34,35,11,1
2313,34,35,11,1
2314,34,35,11,1
2315,34,35,11,1
2316,34,35,11,1
2317,34,35,11,1
2318,34,35,11,1
2319,34,35,11,1
2320,34,35,11,1
2321,34,35,11,1
2322,34,35,11,1
2323,34,35,11,1
2324,34,35,11,1
2325,34,35,11,1
2326,34,35,11,1
2327,34,35,11,1
2328,34,35,11,1
2329,34,35,11,1
2330,34,35,11,1
2331,34,35,11,1
2332,34,35,11,1
2333,34,35,11,1
2334,34,35,11,1
2335,34,35,11,1
2336,34,35,11,1
2337,34,35,11,1
2338,34,35,11,1
2339,34,35,11,1
2340,34,35,11,1
2341,34,35,11,1
2342,34,35,11,1
2343,34,35,11,1
2344,34,35,11,1
2345,34,35,11,1
2346,34,35,11,1
2347,34,35,11,1
2348,34,35,11,1
2349,34,35,11,1
2350,34,35,11,1
2351,34,35,11,1
2352,34,35,11,1
2353,34,35,11,1
2354,34,35,11,1
2355,34,35,11,1
2356,34,35,11,1
2357,34,35,11,1
2358,34,35,11,1
2359,34,35,11,1
2360,34,35,11,1
2361,34,35,11,1
2362,34,35,11,1
2363,34,35,11,1
2364,34,35,11,1
2365,34,35,11,1
2366,34,35,11,1
2367,34,35,11,1
2368,34,35,11,1
2369,34,35,11,1
2370,34,35,11,1
2371,34,35,11,1
2372,34,35,11,1
2373,34,35,11,1
2374,34,35,11,1
2375,34,35,11,1
2376,34,35,11,1
2377,34,35,11,1
2378,34,35,11,1
2379,34,35,11,1
2380,34,35,11,1
2381,34,35,11,1
2382,34,35,11,1
2383,34,35,11,1
2384,34,35,11,1
2385,34,35,11,1
2386,34,35,11,1
2387,34,35,11,1
2388,34,35,11,1
2389,34,35,11,1
2390,34,35,11,1
2391,34,35,11,1
2392,34,35,11,1
2393,34,35,11,1
2394,34,35,11,1
2395,34,35,11,1
2396,34,35,11,1
2397,34,35,11,1
2398,34,35,11,1
2399,34,35,11,1
2400,34,35,11,1
2401,34,35,11,1
2402,34,35,11,1
2403,34,35,11,1
2404,34,35,11,1
2405,34,35,11,1
2406,34,35,11,1
2407,34,35,11,1
2408,34,35,11,1
2409,34,35,11,1
2410,34,35,11,1
2411,34,35,11,1
2412,34,35,11,1
2413,34,35,11,1
2414,34,35,11,1
2415,34,35,11,1
2416,34,35,11,1
2417,34,35,11,1
2418,34,35,11,1
2419,34,35,11,1
2420,34,35,11,1
2421,34,35,11,1
2422,34,35,11,1
2423,34,35,11,1
2424,34,35,11,1
2425,34,35,11,1
2426,34,35,11,1
2427,34,35,11,1
2428,34,35,11,1
2429,34,35,11,1
2430,34,35,11,1
2431,34,35,11,1
2432,34,35,11,1
2433,34,35,11,1
2434,34,35,11,1
2435,34,35,11,1
2436,34,35,11,1
2437,34,35,11,1
2438,34,35,11,1
2439,34,35,11,1
2440,34,35,11,1
2441,34,35,11,1
2442,34,35,11,1
2443,34,35,11,1
2444,34,35,11,1
2445,34,35,11,1
2446,34,35,11,1
2447,34,35,11,1
2448,34,35,11,1
2449,34,35,11,1
2450,34,35,11,1
2451,34,35,11,1
2452,34,35,11,1
2453,34,35,11,1
2454,34,35,11,1
2455,34,35,11,1
2456,34,35,11,1
2457,34,35,11,1
2458,34,35,11,1
2459,34,35,11,1
2460,34,35,11,1
2461,34,35,11,1
2462,34,35,11,1
2463,34,35,11,1
2464,34,35,11,1
2465,34,35,11,1
2466,34,35,11,1
2467,34,35,11,1
2468,34,35,11,1
2469,34,35,11,1
2470,34,35,11,1
2471,34,35,11,1
2472,34,35,11,1
2473,34,35,11,1
2474,34,35,11,1
2475,34,35,11,1
2476,34,35,11,1
2477,34,35,11,1
2478,34,35,11,1
2479,34,35,11,1
2480,34,35,11,1
2481,34,35,11,1
2482,34,35,11,1
2483,34,35,11,1
2484,34,35,11,1
2485,34,35,11,1
2486,34,35,11,1
2487,34,35,11,1
2488,34,35,11,1
2489,34,35,11,1
2490,34,35,11,1
2491,34,35,11,1
2492,34,35,11,1
2493,34,35,11,1
2494,34,35,11,1
2495,34,35,11,1
2496,34,35,11,1
2497,34,35,11,1
2498,34,35,11,1
2499,34,35,11,1
2500,34,35,11,1
2501,34,35,11,1
2502,34,35,11,1
2503,34,35,11,1
2504,34,35,11,1
